10000 52.03925815286793 1.8562357429458167 
20000 13.037275973772987 1.6899633760851305 
30000 6.006685933335333 1.5306748291105192 
40000 3.547850679973788 1.3867657794367174 
50000 2.3200965325906977 1.237855886360723 
60000 inf 2.0810894096374093 
70000 inf 2.0639672468627026 
80000 inf 3.2369688549418045 
90000 inf 2.3794396472272035 
100000 inf 2.2320271874329976 
110000 inf 1.8096646207780658 
120000 inf 1.7146781312223216 
130000 inf 1.4788487465872606 
140000 115.59038891560438 1.1722567285104053 
150000 76.10068161535528 1.221862292708798 
160000 75.13505200162992 1.009469473379645 
170000 17.772777836160223 0.9086161207029397 
180000 8.808988400426118 0.8784613611685362 
190000 6.41722342533938 0.7540340407376442 
200000 5.014005609620509 0.7581657925642281 
210000 3.3538341337666577 0.6830603139055119 
220000 3.057466811564299 0.6493119441016799 
230000 2.668871095273807 0.6104610666639352 
240000 1.9929095191136599 0.5863144978452146 
250000 1.6582908500589584 0.545622170723158 
260000 1.635595200113311 0.5472857337718251 
270000 1.323082901595602 0.480401630821262 
280000 1.1624627926662625 0.47883945222668284 
290000 0.9561891199003602 0.44109702739154294 
300000 0.9113514960997704 0.4365517160701629 
310000 0.8527831124334981 0.41478193839889277 
320000 0.8027294420322324 0.4062268502156015 
330000 0.7027203186915887 0.37312154080092713 
340000 0.6776528263703964 0.355078935508221 
350000 0.5985522126282941 0.3445875315790184 
360000 0.5500908915997257 0.33263887652988045 
370000 0.4951508409792902 0.30904402773776896 
380000 0.46661931534592915 0.2969629997266896 
390000 0.42010635995841755 0.2703627100428874 
400000 0.35699660395296384 0.2363418478516144 
410000 0.33595358112142665 0.22590340121071067 
420000 0.2981559289177337 0.19839315440276187 
430000 0.25114557467390924 0.1682627737984328 
440000 0.21184051240148358 0.14430700248261047 
450000 0.1760851900419502 0.11945662396025034 
460000 0.12891438913825268 0.08415969699385883 
470000 0.09935749139339739 0.06943589241506401 
480000 0.07761264025460059 0.06070829937255209 
490000 0.040090779509052106 0.04635346995895411 
500000 0.014515757892439694 0.03595858302020054 
510000 0.005343089203370689 0.031786366445212294 
520000 0.0023914693811090204 0.030300596351997354 
530000 0.001180973301778538 0.029641015872601397 
540000 0.0005994722618802934 0.029227717055061657 
550000 0.00038745183523956943 0.02907123937765325 
560000 0.0002900220454466295 0.029012481369477167 
570000 0.0003000432599501393 0.029043156987311528 
580000 0.00026678800478764034 0.029008118142941172 
590000 0.00020764301004958926 0.028945312318250788 
600000 0.00014265356629228126 0.02889790731064487 
610000 0.00013105404555428072 0.028893845353349004 
620000 0.00012185856471975984 0.028878926672407972 
630000 9.526188180064694e-05 0.028860930222085874 
640000 9.657505791685914e-05 0.02885513503092043 
650000 6.695772304184772e-05 0.02883256355808116 
660000 7.346219270386921e-05 0.02883718010586843 
670000 6.294780883269096e-05 0.028824158198855337 
