0 0.028941864791372226 0.028824158198855337 
1 0.00015200660346184478 0.028824158198855337 
2 5.930805157589816e-05 0.028824158198855337 
3 6.294780883269096e-05 0.028824158198855337 
4 6.666625532089613e-05 0.028824158198855337 
5 7.142712927273895e-05 0.028824158198855337 
6 7.848916248739584e-05 0.028824158198855337 
7 8.698224154123995e-05 0.028824158198855337 
8 9.87107014385769e-05 0.028824158198855337 
9 0.00011151935834636739 0.028824158198855337 
10 0.0001247646201922622 0.028824158198855337 
11 0.00013950119537102206 0.028824158198855337 
12 0.00015705504745352895 0.028824158198855337 
13 0.00017343843280051636 0.028824158198855337 
14 0.00019691281472156277 0.028824158198855337 
15 0.0002450683357648275 0.028824158198855337 
16 0.00030117751845023155 0.028824158198855337 
17 0.0003692008614059322 0.028824158198855337 
18 0.0005365922219582209 0.028824158198855337 
19 0.0005754781723244499 0.028824158198855337 
