3.554064759723198769e-02 7.920000000000000000e+02
1.066219427916959561e-01 4.590000000000000000e+02
1.777032379861599454e-01 4.660000000000000000e+02
2.487845331806239069e-01 5.230000000000000000e+02
3.198658283750879239e-01 5.800000000000000000e+02
3.909471235695518576e-01 5.020000000000000000e+02
4.620284187640157914e-01 5.330000000000000000e+02
5.331097139584798361e-01 5.250000000000000000e+02
6.041910091529437699e-01 5.140000000000000000e+02
6.752723043474078146e-01 4.870000000000000000e+02
7.463535995418717484e-01 4.690000000000000000e+02
8.174348947363356821e-01 4.260000000000000000e+02
8.885161899307996158e-01 4.410000000000000000e+02
9.595974851252636606e-01 3.830000000000000000e+02
1.030678780319727705e+00 3.220000000000000000e+02
1.101760075514191639e+00 3.020000000000000000e+02
1.172841370708655573e+00 2.780000000000000000e+02
1.243922665903119507e+00 2.340000000000000000e+02
1.315003961097583662e+00 2.160000000000000000e+02
1.386085256292047596e+00 1.800000000000000000e+02
1.457166551486511530e+00 1.650000000000000000e+02
1.528247846680975464e+00 1.640000000000000000e+02
1.599329141875439397e+00 1.300000000000000000e+02
1.670410437069903331e+00 1.210000000000000000e+02
1.741491732264367265e+00 1.110000000000000000e+02
1.812573027458831421e+00 7.800000000000000000e+01
1.883654322653295354e+00 7.200000000000000000e+01
1.954735617847759288e+00 5.900000000000000000e+01
2.025816913042223444e+00 6.400000000000000000e+01
2.096898208236687378e+00 4.200000000000000000e+01
2.167979503431151311e+00 3.300000000000000000e+01
2.239060798625615245e+00 3.300000000000000000e+01
2.310142093820079179e+00 3.800000000000000000e+01
2.381223389014543113e+00 3.200000000000000000e+01
2.452304684209007046e+00 3.100000000000000000e+01
2.523385979403470980e+00 1.800000000000000000e+01
2.594467274597934914e+00 2.100000000000000000e+01
2.665548569792399292e+00 2.300000000000000000e+01
2.736629864986863225e+00 1.500000000000000000e+01
2.807711160181327159e+00 1.600000000000000000e+01
2.878792455375791093e+00 1.300000000000000000e+01
2.949873750570255027e+00 1.400000000000000000e+01
3.020955045764718960e+00 5.000000000000000000e+00
3.092036340959182894e+00 4.000000000000000000e+00
3.163117636153646828e+00 7.000000000000000000e+00
3.234198931348110762e+00 1.100000000000000000e+01
3.305280226542574695e+00 1.000000000000000000e+01
3.376361521737038629e+00 3.000000000000000000e+00
3.447442816931502563e+00 3.000000000000000000e+00
3.518524112125966941e+00 3.000000000000000000e+00
3.589605407320430874e+00 2.000000000000000000e+00
3.660686702514894808e+00 2.000000000000000000e+00
3.731767997709358742e+00 2.000000000000000000e+00
3.802849292903822676e+00 2.000000000000000000e+00
3.873930588098286609e+00 2.000000000000000000e+00
3.945011883292750543e+00 1.000000000000000000e+00
4.016093178487214921e+00 1.000000000000000000e+00
4.087174473681678855e+00 2.000000000000000000e+00
4.158255768876142788e+00 0.000000000000000000e+00
4.229337064070606722e+00 0.000000000000000000e+00
4.300418359265070656e+00 1.000000000000000000e+00
4.371499654459534590e+00 1.000000000000000000e+00
4.442580949653998523e+00 1.000000000000000000e+00
4.513662244848462457e+00 2.000000000000000000e+00
4.584743540042926391e+00 1.000000000000000000e+00
4.655824835237390324e+00 0.000000000000000000e+00
4.726906130431854258e+00 0.000000000000000000e+00
4.797987425626318192e+00 1.000000000000000000e+00
4.869068720820782126e+00 2.000000000000000000e+00
4.940150016015246059e+00 1.000000000000000000e+00
5.011231311209709993e+00 0.000000000000000000e+00
5.082312606404173927e+00 1.000000000000000000e+00
5.153393901598637861e+00 0.000000000000000000e+00
5.224475196793101794e+00 0.000000000000000000e+00
5.295556491987566616e+00 0.000000000000000000e+00
5.366637787182030550e+00 0.000000000000000000e+00
5.437719082376494484e+00 0.000000000000000000e+00
5.508800377570958418e+00 0.000000000000000000e+00
5.579881672765422351e+00 0.000000000000000000e+00
5.650962967959886285e+00 0.000000000000000000e+00
5.722044263154350219e+00 1.000000000000000000e+00
5.793125558348814153e+00 0.000000000000000000e+00
5.864206853543278086e+00 0.000000000000000000e+00
5.935288148737742020e+00 1.000000000000000000e+00
6.006369443932205954e+00 0.000000000000000000e+00
6.077450739126669887e+00 0.000000000000000000e+00
6.148532034321133821e+00 0.000000000000000000e+00
6.219613329515597755e+00 0.000000000000000000e+00
6.290694624710061689e+00 0.000000000000000000e+00
6.361775919904525622e+00 0.000000000000000000e+00
6.432857215098989556e+00 1.000000000000000000e+00
6.503938510293453490e+00 0.000000000000000000e+00
6.575019805487917424e+00 0.000000000000000000e+00
6.646101100682381357e+00 0.000000000000000000e+00
6.717182395876845291e+00 0.000000000000000000e+00
6.788263691071309225e+00 0.000000000000000000e+00
6.859344986265773159e+00 0.000000000000000000e+00
6.930426281460237981e+00 0.000000000000000000e+00
7.001507576654701914e+00 0.000000000000000000e+00
7.072588871849165848e+00 0.000000000000000000e+00
7.143670167043629782e+00 1.000000000000000000e+00
