5.404814793216980440e-02 3.610000000000000000e+02
1.242467948948170198e-01 4.180000000000000000e+02
1.944454418574642351e-01 4.740000000000000000e+02
2.646440888201114783e-01 5.450000000000000000e+02
3.348427357827586937e-01 5.590000000000000000e+02
4.050413827454059090e-01 4.980000000000000000e+02
4.752400297080531244e-01 5.180000000000000000e+02
5.454386766707003398e-01 5.270000000000000000e+02
6.156373236333475552e-01 4.960000000000000000e+02
6.858359705959947705e-01 4.740000000000000000e+02
7.560346175586419859e-01 4.500000000000000000e+02
8.262332645212892013e-01 4.410000000000000000e+02
8.964319114839364167e-01 4.200000000000000000e+02
9.666305584465836320e-01 3.690000000000000000e+02
1.036829205409230958e+00 3.180000000000000000e+02
1.107027852371877952e+00 3.070000000000000000e+02
1.177226499334525389e+00 2.610000000000000000e+02
1.247425146297172383e+00 2.340000000000000000e+02
1.317623793259819820e+00 2.080000000000000000e+02
1.387822440222466813e+00 1.780000000000000000e+02
1.458021087185114251e+00 1.630000000000000000e+02
1.528219734147761244e+00 1.620000000000000000e+02
1.598418381110408681e+00 1.290000000000000000e+02
1.668617028073055675e+00 1.180000000000000000e+02
1.738815675035703112e+00 1.090000000000000000e+02
1.809014321998350106e+00 8.100000000000000000e+01
1.879212968960997543e+00 7.100000000000000000e+01
1.949411615923644536e+00 6.100000000000000000e+01
2.019610262886291974e+00 6.200000000000000000e+01
2.089808909848938967e+00 4.300000000000000000e+01
2.160007556811586404e+00 3.100000000000000000e+01
2.230206203774233398e+00 3.400000000000000000e+01
2.300404850736880835e+00 3.300000000000000000e+01
2.370603497699527829e+00 3.400000000000000000e+01
2.440802144662175266e+00 3.400000000000000000e+01
2.511000791624822259e+00 1.900000000000000000e+01
2.581199438587469697e+00 2.000000000000000000e+01
2.651398085550116690e+00 2.100000000000000000e+01
2.721596732512764127e+00 1.800000000000000000e+01
2.791795379475411121e+00 1.600000000000000000e+01
2.861994026438058558e+00 1.400000000000000000e+01
2.932192673400705552e+00 1.500000000000000000e+01
3.002391320363352989e+00 4.000000000000000000e+00
3.072589967325999982e+00 5.000000000000000000e+00
3.142788614288647420e+00 5.000000000000000000e+00
3.212987261251294413e+00 1.000000000000000000e+01
3.283185908213941850e+00 1.300000000000000000e+01
3.353384555176588844e+00 4.000000000000000000e+00
3.423583202139236281e+00 2.000000000000000000e+00
3.493781849101883274e+00 4.000000000000000000e+00
3.563980496064530712e+00 0.000000000000000000e+00
3.634179143027177705e+00 4.000000000000000000e+00
3.704377789989825143e+00 2.000000000000000000e+00
3.774576436952472136e+00 1.000000000000000000e+00
3.844775083915119573e+00 1.000000000000000000e+00
3.914973730877766567e+00 3.000000000000000000e+00
3.985172377840414004e+00 1.000000000000000000e+00
4.055371024803061886e+00 0.000000000000000000e+00
4.125569671765708435e+00 2.000000000000000000e+00
4.195768318728354984e+00 0.000000000000000000e+00
4.265966965691003310e+00 0.000000000000000000e+00
4.336165612653649859e+00 2.000000000000000000e+00
4.406364259616296408e+00 0.000000000000000000e+00
4.476562906578944734e+00 3.000000000000000000e+00
4.546761553541591283e+00 1.000000000000000000e+00
4.616960200504239609e+00 0.000000000000000000e+00
4.687158847466886158e+00 0.000000000000000000e+00
4.757357494429532707e+00 0.000000000000000000e+00
4.827556141392181033e+00 1.000000000000000000e+00
4.897754788354827582e+00 2.000000000000000000e+00
4.967953435317474131e+00 1.000000000000000000e+00
5.038152082280122457e+00 1.000000000000000000e+00
5.108350729242769006e+00 0.000000000000000000e+00
5.178549376205417332e+00 0.000000000000000000e+00
5.248748023168063881e+00 0.000000000000000000e+00
5.318946670130710430e+00 0.000000000000000000e+00
5.389145317093358756e+00 0.000000000000000000e+00
5.459343964056005305e+00 0.000000000000000000e+00
5.529542611018651854e+00 0.000000000000000000e+00
5.599741257981300180e+00 0.000000000000000000e+00
5.669939904943946729e+00 0.000000000000000000e+00
5.740138551906595055e+00 1.000000000000000000e+00
5.810337198869241604e+00 0.000000000000000000e+00
5.880535845831888153e+00 0.000000000000000000e+00
5.950734492794536479e+00 1.000000000000000000e+00
6.020933139757183028e+00 0.000000000000000000e+00
6.091131786719829577e+00 0.000000000000000000e+00
6.161330433682477903e+00 0.000000000000000000e+00
6.231529080645124452e+00 0.000000000000000000e+00
6.301727727607772778e+00 0.000000000000000000e+00
6.371926374570419327e+00 0.000000000000000000e+00
6.442125021533065876e+00 1.000000000000000000e+00
6.512323668495714202e+00 0.000000000000000000e+00
6.582522315458360751e+00 0.000000000000000000e+00
6.652720962421007300e+00 0.000000000000000000e+00
6.722919609383655626e+00 0.000000000000000000e+00
6.793118256346302175e+00 0.000000000000000000e+00
6.863316903308950501e+00 0.000000000000000000e+00
6.933515550271597050e+00 0.000000000000000000e+00
7.003714197234243599e+00 0.000000000000000000e+00
7.073912844196891925e+00 0.000000000000000000e+00
7.144111491159538474e+00 1.000000000000000000e+00
