1.164166700000000127e-06 1.000000000000000000e+00
1.179720099999999971e-06 7.000000000000000000e+00
1.195273499999999814e-06 2.500000000000000000e+01
1.210826900000000081e-06 4.200000000000000000e+01
1.226380299999999924e-06 8.000000000000000000e+01
1.241933700000000191e-06 1.260000000000000000e+02
1.257487100000000034e-06 1.810000000000000000e+02
1.273040499999999878e-06 2.310000000000000000e+02
1.288593900000000145e-06 2.860000000000000000e+02
1.304147299999999988e-06 3.730000000000000000e+02
1.319700699999999831e-06 4.590000000000000000e+02
1.335254100000000098e-06 5.010000000000000000e+02
1.350807499999999941e-06 5.180000000000000000e+02
1.366360900000000208e-06 5.790000000000000000e+02
1.381914300000000052e-06 5.880000000000000000e+02
1.397467699999999895e-06 5.410000000000000000e+02
1.413021100000000162e-06 5.550000000000000000e+02
1.428574500000000005e-06 4.620000000000000000e+02
1.444127899999999848e-06 4.490000000000000000e+02
1.459681300000000115e-06 4.330000000000000000e+02
1.475234699999999959e-06 3.750000000000000000e+02
1.490788100000000225e-06 3.350000000000000000e+02
1.506341500000000069e-06 2.980000000000000000e+02
1.521894899999999912e-06 2.980000000000000000e+02
1.537448300000000179e-06 2.440000000000000000e+02
1.553001700000000022e-06 2.320000000000000000e+02
1.568555099999999866e-06 2.170000000000000000e+02
1.584108500000000132e-06 1.610000000000000000e+02
1.599661899999999976e-06 1.730000000000000000e+02
1.615215300000000243e-06 1.460000000000000000e+02
1.630768700000000086e-06 1.360000000000000000e+02
1.646322099999999929e-06 1.160000000000000000e+02
1.661875500000000196e-06 9.900000000000000000e+01
1.677428900000000039e-06 1.090000000000000000e+02
1.692982299999999883e-06 9.100000000000000000e+01
1.708535700000000150e-06 7.200000000000000000e+01
1.724089099999999993e-06 4.900000000000000000e+01
1.739642500000000260e-06 7.500000000000000000e+01
1.755195900000000103e-06 6.000000000000000000e+01
1.770749299999999946e-06 4.300000000000000000e+01
1.786302700000000213e-06 3.500000000000000000e+01
1.801856100000000057e-06 2.700000000000000000e+01
1.817409499999999900e-06 2.300000000000000000e+01
1.832962900000000167e-06 1.700000000000000000e+01
1.848516300000000010e-06 1.900000000000000000e+01
1.864069700000000277e-06 1.500000000000000000e+01
1.879623100000000120e-06 1.300000000000000000e+01
1.895176499999999964e-06 1.100000000000000000e+01
1.910729900000000230e-06 1.000000000000000000e+01
1.926283300000000074e-06 9.000000000000000000e+00
1.941836700000000341e-06 1.000000000000000000e+01
1.957390100000000184e-06 7.000000000000000000e+00
1.972943500000000027e-06 3.000000000000000000e+00
1.988496899999999871e-06 3.000000000000000000e+00
2.004050300000000137e-06 6.000000000000000000e+00
2.019603700000000404e-06 4.000000000000000000e+00
2.035157100000000248e-06 2.000000000000000000e+00
2.050710500000000091e-06 5.000000000000000000e+00
2.066263899999999934e-06 2.000000000000000000e+00
2.081817299999999777e-06 1.000000000000000000e+00
2.097370700000000468e-06 2.000000000000000000e+00
2.112924100000000311e-06 1.000000000000000000e+00
2.128477500000000155e-06 4.000000000000000000e+00
2.144030899999999998e-06 0.000000000000000000e+00
2.159584299999999841e-06 0.000000000000000000e+00
2.175137700000000532e-06 0.000000000000000000e+00
2.190691100000000375e-06 0.000000000000000000e+00
2.206244500000000218e-06 0.000000000000000000e+00
2.221797900000000062e-06 0.000000000000000000e+00
2.237351299999999905e-06 1.000000000000000000e+00
2.252904699999999748e-06 1.000000000000000000e+00
2.268458100000000439e-06 0.000000000000000000e+00
2.284011500000000282e-06 0.000000000000000000e+00
2.299564900000000125e-06 0.000000000000000000e+00
2.315118299999999969e-06 0.000000000000000000e+00
2.330671699999999812e-06 0.000000000000000000e+00
2.346225100000000502e-06 0.000000000000000000e+00
2.361778500000000346e-06 0.000000000000000000e+00
2.377331900000000189e-06 0.000000000000000000e+00
2.392885300000000032e-06 1.000000000000000000e+00
2.408438699999999875e-06 0.000000000000000000e+00
2.423992100000000566e-06 0.000000000000000000e+00
2.439545500000000409e-06 0.000000000000000000e+00
2.455098900000000253e-06 1.000000000000000000e+00
2.470652300000000096e-06 0.000000000000000000e+00
2.486205699999999939e-06 0.000000000000000000e+00
2.501759099999999782e-06 0.000000000000000000e+00
2.517312500000000473e-06 0.000000000000000000e+00
2.532865900000000316e-06 0.000000000000000000e+00
2.548419300000000160e-06 0.000000000000000000e+00
2.563972700000000003e-06 0.000000000000000000e+00
2.579526099999999846e-06 0.000000000000000000e+00
2.595079500000000537e-06 0.000000000000000000e+00
2.610632900000000380e-06 0.000000000000000000e+00
2.626186300000000223e-06 0.000000000000000000e+00
2.641739700000000067e-06 0.000000000000000000e+00
2.657293099999999910e-06 0.000000000000000000e+00
2.672846500000000600e-06 0.000000000000000000e+00
2.688399900000000444e-06 0.000000000000000000e+00
2.703953300000000287e-06 1.000000000000000000e+00
