0 1.3013182068880877 1.9522754254909682 2.610765902949372 3.3440767929396156 3.219136813892083 0.007419960073492495 0.006447099141547966 0.005854987244885194 0.005294897154340004 0.0065022747907510295

1 1.8299232806434287 2.3807708673994954 2.934250774416598 3.4400630325731445 3.1940213383353084 0.004360844125264106 0.004762755923030385 0.004982318520287333 0.005069804747010134 0.006524268337234677

2 2.005802645158152 2.676769359587444 3.2560239714900954 3.8915755964658865 4.521923722682268 0.0036874970392365347 0.003932501703233134 0.004189152023157019 0.004263435587816372 0.004365861300214813

3 2.0366044402382935 2.7344389384420564 3.3561774266846904 4.104764201097616 4.400301193828975 0.003421377798508168 0.0036392931124686542 0.0038431045600593773 0.003823124581139852 0.0043063702149173586

4 2.0337408603547726 2.769053133208646 3.3201759716882484 4.048348609255375 4.328653914970307 0.003230809956866076 0.0033657985660516853 0.0036673029205811095 0.0036404063971219 0.00416142363516551

5 2.045523268323832 2.8227331303491634 3.3372327942798687 4.036360899615269 4.242105789175276 0.0030060745390282605 0.0030611529739094467 0.003389763228377953 0.0033857961257476987 0.0039904423554207764

6 2.0876232389648526 2.7936706915564313 3.427799797109564 4.153215460203008 3.945086389612367 0.0027345458692704947 0.002861555738154404 0.0030302799550268353 0.0030390617859703973 0.00402139183403397

7 2.075018943929047 2.8578889066499484 3.3977063220624504 4.407387484690618 3.416358144228208 0.0025481301519963482 0.00259016164421535 0.0028028484252987833 0.00262936842626452 0.004251876475902834

8 2.1256474063843873 2.9780256174699056 3.5126276038503867 4.550653993135773 2.847322804312229 0.0022523918712498065 0.002254125327921983 0.002465618508325278 0.0023588857518672315 0.004664608566649934

9 2.233061465844367 3.084903286654445 3.6364027122170977 4.567528144800482 2.874740159706031 0.0019366665840240412 0.0019786628318886217 0.0021574124416344057 0.002121192713703431 0.00413436116665522

10 2.3065486559132506 3.0830112424786917 3.7246304238086303 4.925923991383064 3.2635477794991243 0.0017045119477325018 0.001824010216694421 0.0018878598251876118 0.0017309302300491753 0.0031660458191967765

11 2.3987308017347924 3.1003453285915774 3.808569254305653 4.831976083831596 3.512692506739372 0.0014563101072718764 0.0016220972537744423 0.001667758161130792 0.0015805440234417925 0.0024981725100383916

12 2.4720520266770802 2.9899213843036754 3.8653573006762394 5.11372284192284 3.4645383152239324 0.0012483451276377353 0.0014959946671622374 0.001466591334579189 0.001368489466654755 0.0022580996794302976

13 2.566740249464087 3.392454968262651 4.323941176449922 5.308986367929926 2.2994415866599245 0.001068480536331906 0.0011441884938850901 0.0011613444290986532 0.001182804510685887 0.003404277618754876

14 2.834673135578918 3.465783892390932 4.312145158590476 5.009952248532849 6.9416930695743035 0.0008629618484801089 0.0010137353596058438 0.0010548737701945605 0.0011221280257063817 0.0008029475627170285

15 3.0191817236588676 3.637858731891347 5.115239568143816 5.679942630658303 4.640975577821665 0.000717234703369436 0.0008340840298745762 0.0007602895865363372 0.0008508344618030425 0.0012192298241774956

16 3.1188334772754525 3.91858309261445 5.031833968072483 5.045200900697473 inf 0.0006134068843063732 0.000689762254833601 0.0007030091135729586 0.0007853150507476339 0.0

17 3.0753754094193146 4.054850967205631 5.522480858251307 5.892402624162662 inf 0.0005567466003097642 0.0005855449873746657 0.000614611324840852 0.0005960277468530692 0.0

18 2.9926057614241603 4.1478718734637665 4.399838417317817 10.086108294714505 0.0 0.0005211890955968977 0.0004935932963430563 0.0006668592791191321 0.00042746153107578477 0.0

19 2.2566644122514323 3.0205857152618045 6.094778175824779 6.051871409461571 0.0 0.0007058040712204031 0.0006833343089423656 0.0004374491190054278 0.0004983143483178685 0.0

