500 0.19484825868534214
5500 0.2034861342245918
10500 0.21255848404582897
15500 0.22203833034328246
20500 0.23193964053133506
25500 0.24227719466267986
30500 0.2530870471738297
35500 0.2643666461835124
40500 0.2761448526935711
45500 0.28846212137405236
50500 0.3001000042359104
55500 0.3001160100447057
60500 0.30011701093569065
65500 0.30010100456665684
70500 0.3004834563551572
75500 0.30528665719880205
80500 0.3101896413079141
85500 0.31517682214200066
90500 0.3203042206495381
95500 0.3255267197777117
100500 0.330867931966311
105500 0.3363184856881517
110500 0.34190489308846617
115500 0.34759137563913517
120500 0.3534009303537805
125500 0.3593737476492179
130500 0.3654637087216398
135500 0.371710680059794
140500 0.3780722569949721
145500 0.38458400876282817
150500 0.3912333420538004
155500 0.39806600594755537
160500 0.4050676583470023
165500 0.412200879589165
170500 0.4195057031950319
175500 0.4270145715164971
180500 0.4346545379460156
185500 0.44253661161166374
190500 0.4505364714301554
195500 0.45870742222368216
200500 0.46721972614522916
205500 0.47581632457970635
210500 0.4846649222497072
215500 0.4937614940661485
220500 0.5030831554857871
225500 0.5124632707915925
230500 0.5220361775336109
235500 0.5314158758484592
240500 0.5407758819703831
245500 0.5500764123786727
250500 0.558342042552026
255500 0.5597429928013575
260500 0.5602393815119086
265500 0.5604118748934545
270000 0.5604808916694397
