0 80000 0.5713100106056552 0.5721299939875312
1 70072 0.5795904590999646 0.5818171084634035
2 60551 0.584491401338313 0.5835814875399112
3 51415 0.5840752154102113 0.5839068244557929
4 43181 0.5827121909166426 0.5834231323114579
5 35962 0.5825629156939421 0.5827487744901557
6 29561 0.5817038646484746 0.5820644351583434
7 23998 0.5814363276619112 0.5815329921859618
8 19189 0.5813775550378242 0.5809135436452435
9 15027 0.5796649020714469 0.5799205425404632
10 11553 0.5795479706603252 0.5790218532289985
11 8642 0.5781712929333109 0.5780090280985887
12 6277 0.5774714098740052 0.5773014049830372
13 4380 0.5754939914929967 0.5765372889866591
14 2907 0.5724011994757273 0.5751202142310659
15 1821 0.5723916776430059 0.5745225316431903
16 1039 0.5685280858676526 0.5726788752075855
17 523 0.5651932075616724 0.569664527529323
18 217 0.5663166803614947 0.5647280558702805
19 59 0.5395782737879327 0.5680209861478805
