0 4.572985483925736 6.000026662046357 12.425563573275234 21.16158458097109 25.716316172427582 30.266937267386393 35.760336972832526 38.96015492186767 9.687078458217641e-09 6.101771905689292e-09 3.0447389447317177e-09 1.9694999703426475e-09 1.8175190114300723e-09 1.7289043032865532e-09 1.614908420808762e-09 1.689727595677463e-09

1 15.037884684161668 17.786512140091933 20.983860005076725 24.60058986036377 27.556519125919056 31.221025362284163 35.760336972832526 38.96015492186767 1.9537153367028122e-09 1.8232521944275052e-09 1.748516216110799e-09 1.6827376307510441e-09 1.6917901944240967e-09 1.6732385481801624e-09 1.614908420808762e-09 1.689727595677463e-09

2 16.614113179919332 18.986640695788573 21.93389029849115 25.31493928217371 27.912912981885018 31.77828247139386 35.80795869619669 37.37417325594324 1.7188883420652443e-09 1.6742999244404196e-09 1.6505517286360829e-09 1.6172144498097166e-09 1.6525360408963744e-09 1.6257678921328333e-09 1.60437868633659e-09 1.752361611377535e-09

3 16.19238990698243 18.880019523852084 21.81617275865346 24.92148617834237 27.74243606448978 31.582129873505522 35.094469608540855 37.73262510525088 1.7560405381841783e-09 1.6791228533663184e-09 1.6547216713404923e-09 1.6373439352521082e-09 1.6585272800051301e-09 1.6330353532624073e-09 1.6331608394004117e-09 1.7148241319248614e-09

4 16.193545518930545 19.00311743149933 21.79989124857516 25.130821926286288 27.76470969421255 31.71159570146216 35.578823534273496 38.14037856728001 1.76036453479922e-09 1.6730894179177684e-09 1.6597797379704453e-09 1.628007228181676e-09 1.6630026305123415e-09 1.6332334409393907e-09 1.616438313908414e-09 1.706727311178601e-09

5 16.091360678127614 19.248102755266963 22.06637481116488 25.115601488353796 27.590297502048376 31.59192311757628 36.56758997144873 37.91498081889031 1.7802036460203245e-09 1.6627972740281375e-09 1.6468127988459365e-09 1.6361396642129725e-09 1.6771574938966742e-09 1.6434031429907801e-09 1.5830884811255209e-09 1.733362136194953e-09

6 16.64112954216224 19.56877415286274 22.337246548991413 25.050988492836908 27.60678279712739 31.999900602989687 37.33976345672165 35.87015220826469 1.7266563779124502e-09 1.6456841502316914e-09 1.633495938290245e-09 1.6501142740496143e-09 1.681706884553869e-09 1.6296026776758932e-09 1.5633227885212227e-09 1.835330506388043e-09

7 16.373915339960643 19.681066025336943 22.456301516283396 25.31042974428317 27.855936578457342 31.117807847172717 36.00017017534482 34.5027319890847 1.7630338881282743e-09 1.6419039898779638e-09 1.634403935568978e-09 1.6361345432415345e-09 1.6717461676541626e-09 1.681526140378239e-09 1.626142549986726e-09 1.9030184715271333e-09

8 16.59956906961202 20.031061100729435 22.638067324422583 25.280290567562623 27.54683852423536 30.915281658096312 36.31161437203433 36.28576398492927 1.748417052269543e-09 1.6185234883995622e-09 1.629952697550253e-09 1.6461324177105225e-09 1.6973139834662085e-09 1.6973664387189571e-09 1.6119635259472785e-09 1.8279669194534838e-09

9 16.89946447279732 19.657528104229534 22.683416672763055 26.137961025619095 27.08052989786771 30.686538602505365 36.32931482914145 33.00349784576812 1.7404208481920604e-09 1.6610052237450007e-09 1.6355979744001117e-09 1.602509177738926e-09 1.734536775822438e-09 1.7170679767110321e-09 1.6271579414793113e-09 2.032617838105114e-09

10 16.858995066242983 20.462708598551657 22.727451741277665 25.797378772783823 25.958350013682285 30.971199885038228 34.28738081496647 29.95709158822638 1.7482698003682386e-09 1.6136195246638287e-09 1.6432556393781748e-09 1.6302714273091459e-09 1.8218033258366352e-09 1.6996823946088733e-09 1.7290249222364194e-09 2.2660171366236407e-09

11 16.92457210644762 20.416931304247232 22.669669918116785 26.1186815113469 25.82405321703652 30.359028082378895 32.73645335169599 32.9048815281328 1.7466668350640875e-09 1.6238554930800022e-09 1.6644588985574792e-09 1.619491957029836e-09 1.8404259915473319e-09 1.7363051649888259e-09 1.8158102678440006e-09 2.109869617178979e-09

12 16.24543640858407 21.285311382053823 22.157024281540686 25.650285279538316 25.884493814947987 29.87189736234085 29.594633529016132 36.44356095736276 1.800978641962875e-09 1.5717754357197627e-09 1.7052821012925584e-09 1.6639033462315616e-09 1.8394085612060936e-09 1.770222354261392e-09 2.0067613223079604e-09 1.915068124972671e-09

13 15.895089991334958 19.423726379955397 20.90716592012091 25.12153076528353 24.751003265967572 26.874531773470892 27.385792950938725 32.43764821080356 1.8451075160912819e-09 1.7207846309540212e-09 1.8166172981584873e-09 1.7143723496753811e-09 1.9371075434097253e-09 1.962196080988403e-09 2.163535285263419e-09 2.1733109155835956e-09

14 15.182393663003605 18.144875244481305 21.24775104295257 23.90498398389776 24.743265667026844 24.019847442185906 28.482028857350485 38.197366498396576 1.949834301957324e-09 1.848803265160062e-09 1.7986191982345843e-09 1.8152949447093253e-09 1.950038902305645e-09 2.202357212457253e-09 2.1160508182305435e-09 1.8915971643779466e-09

15 17.86524468740703 16.308254010250526 21.30869180388509 22.884822924352967 25.61113540637636 23.6212893275756 28.329586368343133 35.43888556071896 1.6322056056254803e-09 2.0562587865842953e-09 1.7978299042111702e-09 1.8957108962763254e-09 1.899693868330396e-09 2.2751346316219836e-09 2.1303741847607486e-09 2.001594992816665e-09

16 26.660179445440612 17.133009523983034 19.740201140770374 23.672461073168627 31.78096606336886 25.96468826144129 24.91405808814803 30.39088652126022 1.1428386280999147e-09 1.940819076511569e-09 1.958694756699742e-09 1.8478299188645659e-09 1.535612338507917e-09 2.130211908260957e-09 2.415715428053631e-09 2.3459898553428903e-09

17 23.25996045420543 17.914146495479525 17.959651630853816 20.7986547679706 34.35082850959124 35.23682716644522 23.914696775553754 30.39088652126022 1.2956455327617328e-09 1.9218853498773184e-09 2.1552893176302497e-09 2.129225867102112e-09 1.4295746709581003e-09 1.5602693298671442e-09 2.625477980438551e-09 2.3459898553428903e-09

18 21.052276922882086 22.898846006892473 16.559110819755123 21.297566562269676 37.154610792779984 26.181649272968652 20.651269575786333 inf 1.3806085364763565e-09 1.5309316725418692e-09 2.426058075959663e-09 2.1472157602460586e-09 1.3427240405684887e-09 2.2248534733307935e-09 3.1354367922596313e-09 0.0

19 28.35476806866032 23.63738035008681 29.093977304793754 32.085363692055864 63.66764286573044 171.02179631659638 16.247942153669303 0.0 9.592473201478863e-10 1.3373073982157462e-09 1.422547635307025e-09 1.5525947935240212e-09 7.367168164366283e-10 3.4773385555206846e-10 3.1062745139828514e-09 0.0

