10000 0.007783936784998231
20000 0.05836410352396672
30000 0.18288974037354594
40000 0.3906892780892538
50000 0.6939642311810028
60000 0.0
70000 0.0
80000 0.0
90000 0.0
100000 0.0
110000 0.0
120000 0.0
130000 0.0
140000 0.00015675516802194573
150000 0.00019897329778343747
160000 0.0004036897240780736
170000 0.0008589835361488905
180000 0.002401556871351083
190000 0.004814132618888144
200000 0.008196201863157228
210000 0.013673538933378769
220000 0.024078318802082218
230000 0.03170637142980227
240000 0.0554185593770279
250000 0.08075247610584946
260000 0.10566725226104497
270000 0.14435940244140413
280000 0.18713728886964054
290000 0.24120929025561177
300000 0.3089224137931034
310000 0.3631053366262214
320000 0.43469885706947475
330000 0.537577553674605
340000 0.611075747931254
350000 0.710062919640218
360000 0.833270384825213
370000 0.9214786381842457
380000 1.0689433390734249
390000 1.2140161280343185
400000 1.3650240754021103
410000 1.5162315180644372
420000 1.6850387330353351
430000 1.9044382327508196
440000 2.127919755429896
450000 2.4201013010229415
460000 2.7521917700023697
470000 3.0497235402533236
480000 3.287695819270762
490000 3.537686291295381
500000 3.6924243897695224
510000 3.7349697547312934
520000 3.7413645557803017
530000 3.747422880927374
540000 3.752878481406566
550000 3.7537342461490586
560000 3.755367978839272
570000 3.7559125564026763
580000 3.7594523105648046
590000 3.759957989730823
600000 3.761625984634834
610000 3.7609693480628597
620000 3.7628318584070795
630000 3.7639942428132414
640000 3.762870757561023
650000 3.762369690368757
660000 3.7630698615217053
670000 3.7636876397938344
